540922.9935	7569880.242
536932.4628	7548150.279
619132.7191	7725772.82
634111.3441	7753442.012
569628.5538	7595781.245
474228.587	7473573.641
556793.1894	7492709.613
513431.5096	7492185.662
510483.2402	7570940.189
568760.289	7491583.164
604784.4717	7657066.998
601143.9757	7742614.53
591621.7625	7666434.355
640933.762	7747884.015
499524.8405	7494233.778
469305.0984	7583842.47
457631.0076	7585271.08
494597.4124	7489439.28
546524.9022	7640004.176
547414.8093	7641041.793
486345.3056	7553742.896
536920.0389	7623763.587
602528.7865	7695298.159
513499.0986	7570287.036
554683.7495	7663632.859
490895.5314	7580416.903
617641.9425	7732319.679
580555.3209	7675113.04
471646.746	7543474.367
502005.1419	7503806.172
519641.8137	7584827.229
503462.5176	7448378.13
471174.1748	7510860.476
560970.0828	7718071.13
482733.5224	7539507.503
597605.0305	7665418.736
628177.7056	7749426.968
596347.6103	7714512.185
640511.3175	7756089.626
471908.7727	7479472.067
525415.7851	7661015.786
506919.422	7633323.202
513352.144	7535935.842
505583.7455	7533933.537
534284.5004	7644916.402
606052.1065	7728922.2
468798.7352	7567130.035
595348.5656	7686707.539
478498.9733	7446504.967
464052.0245	7570271.666
492904.3393	7649883.298
509655.001	7504278.364
624601.3741	7730673.539
484963.9354	7486259.94
509952.352	7621473.346
568285.0349	7624174.233
460805.3463	7532568.905
482969.1118	7517427.526
628081.7879	7739909.852
540445.9975	7602465.292
598934.5139	7751354.871
538875.8982	7653609.561
471974.9438	7559490.461
656161.045	7745170.457
529104.8414	7432157.145
503457.1918	7524816.678
539719.6166	7716588.008
452041.4085	7539954.264
583246.358	7625923.252
455982.8195	7465516.161
481772.0922	7499266.96
472909.8805	7474492.795
502803.2955	7545339.829
615044.1023	7723386.213
595731.1863	7671200.873
519773.7701	7507859.801
577682.3625	7686842.518
570733.5509	7674876.237
468314.8126	7467435.421
580579.3354	7664443.442
505894.5487	7539770.092
632212.3337	7748567.561
647845.0304	7753403.138
608774.2742	7719033.072
575227.5622	7664847.117
542677.1394	7495628.864
492382.5163	7553932.722
460382.3635	7429790.544
561270.3217	7650747.145
501416.6949	7543043.445
501457.3973	7597846.312
550000.3584	7687637.928
556428.1672	7600019.232
549199.7314	7577202.969
549271.5724	7579382.755
515142.7504	7493497.795
494648.345	7560983.769
441998.2566	7453482.324
585763.2885	7665577.651
527807.3074	7607627.406
443180.2284	7458952.348
469600.9916	7600812.504
495025.3111	7499763.06
490038.2752	7530356.933
462345.6288	7507789.906
