-44.603611	-21.975063
-44.641769	-22.171467
-43.857058	-20.563225
-43.715459	-20.312255
-44.326672	-21.740164
-45.251188	-22.845388
-44.447154	-22.671763
-44.869246	-22.677397
-44.898463	-21.965934
-44.330618	-22.681494
-43.990558	-21.184793
-44.030576	-20.412115
-44.11785	-21.100874
-43.64969	-20.361973
-45.004625	-22.658948
-45.297057	-21.84913
-45.409997	-21.835981
-45.052603	-22.702252
-44.551314	-21.341377
-44.542761	-21.331979
-45.132399	-22.121281
-44.643586	-21.488333
-44.014557	-20.83953
-44.8692471	-21.9718143
-44.473391	-21.127663
-45.08813	-21.880323
-43.871792	-20.504172
-44.224798	-21.022985
-45.275099	-22.213872
-44.980495	-22.572471
-44.809923	-21.840391
-44.966195	-23.073186
-45.280273	-22.5085
-44.414764	-20.635598
-45.167572	-22.249856
-44.06019	-21.10974
-43.771996	-20.348936
-44.075017	-20.666268
-43.654378	-20.287876
-45.273692	-22.792067
-44.755202	-21.151951
-44.933241	-21.402327
-44.870387	-22.282158
-44.94579	-22.30029
-44.669458	-21.297268
-43.982724	-20.535554
-45.302276	-22.00011
-44.083091	-20.917526
-45.209943	-23.089971
-45.348192	-21.971636
-45.06839	-21.252701
-44.906084	-22.568179
-43.804945	-20.518597
-45.146431	-22.730915
-44.903909	-21.509378
-44.340827	-21.483703
-45.380553	-22.312181
-45.165521	-22.449332
-43.772234	-20.434922
-44.609032	-21.680683
-44.052233	-20.333262
-44.625391	-21.218631
-45.271637	-22.069183
-43.503594	-20.385296
-44.715538	-23.219461
-44.966416	-22.382659
-44.618704	-20.64957
-45.465422	-22.24524
-44.196498	-21.46727
-45.429251	-22.917794
-45.177364	-22.613381
-45.264025	-22.837064
-44.972804	-22.197249
-43.896123	-20.585041
-44.078553	-21.057601
-44.807702	-22.535737
-44.25297	-20.917134
-44.3193	-21.025529
-45.308953	-22.900736
-44.224067	-21.119381
-44.942794	-22.24756
-43.733286	-20.356424
-43.583941	-20.311591
-43.956008	-20.624743
-44.275616	-21.115962
-44.584641	-22.645807
-45.07386	-22.119603
-45.387271	-23.240619
-44.409502	-21.243876
-44.986254	-22.217997
-44.985908	-21.722875
-44.519187	-20.910904
-44.454463	-21.702346
-44.523663	-21.908694
-44.523033	-21.888999
-44.8526	-22.665529
-45.051867	-22.055909
-45.566075	-23.026069
-44.174209	-21.108898
-44.731288	-21.634287
-45.554338	-22.976699
-45.293881	-21.695816
-45.048404	-22.60899
-45.096736	-22.332582
-45.3661847	-22.5360667
